16 16 256
0 0 3.732224
0 1 2.508222
0 2 3.155632
0 3 3.656745
0 4 3.526272
0 5 2.854316
0 6 3.708858
0 7 3.045922
0 8 3.511832
0 9 3.222164
0 10 3.248033
0 11 3.979008
0 12 2.905562
0 13 2.619153
0 14 2.094813
0 15 2.914504
1 0 2.508222
1 1 5.066707
1 2 4.735287
1 3 3.213228
1 4 4.281408
1 5 2.896165
1 6 4.000550
1 7 4.019973
1 8 3.889092
1 9 3.675477
1 10 3.429187
1 11 4.827675
1 12 3.600639
1 13 2.896838
1 14 3.516758
1 15 3.621329
2 0 3.155632
2 1 4.735287
2 2 6.593230
2 3 4.216631
2 4 4.200126
2 5 4.114664
2 6 5.045122
2 7 4.391945
2 8 4.210987
2 9 4.129946
2 10 3.522671
2 11 5.620021
2 12 5.244196
2 13 2.937233
2 14 3.985044
2 15 4.107213
3 0 3.656745
3 1 3.213228
3 2 4.216631
3 3 5.042706
3 4 3.677395
3 5 3.393713
3 6 4.594344
3 7 3.410196
3 8 3.558934
3 9 3.182264
3 10 3.828263
3 11 4.061518
3 12 3.266891
3 13 2.527544
3 14 2.887889
3 15 3.369389
4 0 3.526272
4 1 4.281408
4 2 4.200126
4 3 3.677395
4 4 5.845312
4 5 3.922698
4 6 4.678840
4 7 4.853615
4 8 4.800319
4 9 4.433212
4 10 4.937067
4 11 5.897401
4 12 3.617114
4 13 3.219555
4 14 3.299784
4 15 4.264490
5 0 2.854316
5 1 2.896165
5 2 4.114664
5 3 3.393713
5 4 3.922698
5 5 4.654272
5 6 4.152216
5 7 3.620560
5 8 3.681834
5 9 3.646809
5 10 4.501769
5 11 4.528769
5 12 3.401305
5 13 3.166659
5 14 3.270347
5 15 3.603151
6 0 3.708858
6 1 4.000550
6 2 5.045122
6 3 4.594344
6 4 4.678840
6 5 4.152216
6 6 5.985325
6 7 4.505130
6 8 4.795058
6 9 3.707148
6 10 4.699224
6 11 5.663323
6 12 4.002011
6 13 2.766737
6 14 3.379214
6 15 3.967514
7 0 3.045922
7 1 4.019973
7 2 4.391945
7 3 3.410196
7 4 4.853615
7 5 3.620560
7 6 4.505130
7 7 5.329112
7 8 4.008778
7 9 3.979566
7 10 4.417032
7 11 5.426136
7 12 3.959602
7 13 3.314672
7 14 3.049412
7 15 3.430732
8 0 3.511832
8 1 3.889092
8 2 4.210987
8 3 3.558934
8 4 4.800319
8 5 3.681834
8 6 4.795058
8 7 4.008778
8 8 5.378834
8 9 4.155414
8 10 4.307877
8 11 5.259833
8 12 3.697915
8 13 2.916299
8 14 3.163352
8 15 4.042212
9 0 3.222164
9 1 3.675477
9 2 4.129946
9 3 3.182264
9 4 4.433212
9 5 3.646809
9 6 3.707148
9 7 3.979566
9 8 4.155414
9 9 5.008838
9 10 3.872801
9 11 5.321150
9 12 3.803622
9 13 3.807620
9 14 3.271336
9 15 4.371275
10 0 3.248033
10 1 3.429187
10 2 3.522671
10 3 3.828263
10 4 4.937067
10 5 4.501769
10 6 4.699224
10 7 4.417032
10 8 4.307877
10 9 3.872801
10 10 6.017716
10 11 5.089916
10 12 3.105808
10 13 3.870092
10 14 3.536478
10 15 4.217458
11 0 3.979008
11 1 4.827675
11 2 5.620021
11 3 4.061518
11 4 5.897401
11 5 4.528769
11 6 5.663323
11 7 5.426136
11 8 5.259833
11 9 5.321150
11 10 5.089916
11 11 7.483314
11 12 4.640860
11 13 3.805313
11 14 3.877421
11 15 4.863820
12 0 2.905562
12 1 3.600639
12 2 5.244196
12 3 3.266891
12 4 3.617114
12 5 3.401305
12 6 4.002011
12 7 3.959602
12 8 3.697915
12 9 3.803622
12 10 3.105808
12 11 4.640860
12 12 4.918472
12 13 2.945496
12 14 2.978114
12 15 3.773302
13 0 2.619153
13 1 2.896838
13 2 2.937233
13 3 2.527544
13 4 3.219555
13 5 3.166659
13 6 2.766737
13 7 3.314672
13 8 2.916299
13 9 3.807620
13 10 3.870092
13 11 3.805313
13 12 2.945496
13 13 4.186100
13 14 2.894835
13 15 3.389389
14 0 2.094813
14 1 3.516758
14 2 3.985044
14 3 2.887889
14 4 3.299784
14 5 3.270347
14 6 3.379214
14 7 3.049412
14 8 3.163352
14 9 3.271336
14 10 3.536478
14 11 3.877421
14 12 2.978114
14 13 2.894835
14 14 4.051718
14 15 3.119645
15 0 2.914504
15 1 3.621329
15 2 4.107213
15 3 3.369389
15 4 4.264490
15 5 3.603151
15 6 3.967514
15 7 3.430732
15 8 4.042212
15 9 4.371275
15 10 4.217458
15 11 4.863820
15 12 3.773302
15 13 3.389389
15 14 3.119645
15 15 4.895609